20
10
[57, 156, 131, 56, 34, 99, 2, 28, 134, 154, 133, 123, 128, 26, 65, 101, 49, 115, 54, 60, 78, 31, 51, 126, 163, 157, 96, 72, 16, 88, 35, 11, 4, 81, 12, 84, 75, 149, 85, 118, 44, 40, 108, 161, 125, 61, 58, 1, 73, 160, 5, 155, 129, 145, 139, 33, 70, 135, 14, 136, 142, 120, 150, 151, 48, 41, 148, 114, 68, 93, 87, 119, 113, 121, 97, 6, 103, 38, 80, 94, 102, 46, 8, 17, 21, 112, 117, 98, 25, 29, 69, 15, 152, 159, 22, 42, 83, 20, 63]
[141, 89, 30, 116, 24, 90, 144, 91, 66, 13, 10, 71, 62, 52, 18, 37, 0, 74, 50, 59, 165, 164, 124, 130, 55, 127, 140, 153, 19, 79, 106, 100, 111, 43]
[23, 36, 27, 45, 109, 132, 76, 110, 158, 122, 47, 104, 64, 86, 138, 107, 92, 82, 147, 39, 77, 32, 7, 67, 162, 143, 146, 105, 53, 95, 3, 137, 9]
[0, 128, 163, 89, 50, 79, 27, 76, 22, 24, 47, 165, 16, 12, 114, 107, 43, 57, 23, 52, 115, 40, 161, 100, 69, 156, 61, 122, 118, 119, 95, 29, 105, 126, 8, 124, 5, 108, 36, 54, 88, 3, 93, 68, 84, 160, 143, 74, 85, 99, 164, 133, 117, 42, 9, 21, 71, 19, 149, 139, 20, 159, 152, 125, 55, 129, 91, 14, 157, 31, 98, 41, 73, 70, 82, 151, 123, 66, 13, 137, 63, 162, 87, 6, 35, 10, 141, 33, 60, 138, 81, 134, 44, 130, 46, 145, 101, 53, 92]
[59, 77, 121, 147, 39, 150, 153, 62, 97, 94, 1, 32, 140, 18, 58, 144, 7, 83, 49, 106, 48, 102, 15, 155, 72, 30, 38, 111, 116, 135, 25, 37, 104, 127]
[142, 110, 120, 90, 78, 4, 148, 64, 86, 45, 158, 154, 146, 109, 65, 75, 11, 113, 17, 34, 132, 103, 2, 51, 96, 28, 80, 131, 136, 112, 26, 56, 67]
[13, 122, 74, 33, 113, 136, 19, 118, 46, 60, 69, 106, 63, 90, 17, 152, 129, 77, 30, 43, 97, 27, 164, 53, 141, 8, 57, 101, 62, 117, 147, 165, 104, 116, 161, 54, 35, 37, 45, 24, 102, 149, 39, 158, 48, 14, 5, 107, 64, 15, 108, 160, 150, 20, 111, 75, 29, 86, 9, 10, 121, 138, 156, 78, 34, 137, 93, 134, 72, 82, 59, 143, 144, 155, 2, 79, 120, 44, 18, 92, 55, 132, 51, 67, 103, 99, 146, 126, 128, 81, 98, 139, 4, 28, 50, 89, 105, 22, 1]
[21, 61, 66, 76, 32, 153, 159, 0, 11, 142, 16, 96, 125, 85, 73, 91, 7, 83, 36, 47, 154, 133, 124, 157, 42, 41, 135, 31, 109, 123, 49, 88, 112, 70]
[163, 100, 130, 23, 71, 114, 95, 80, 40, 38, 26, 56, 140, 162, 119, 151, 12, 110, 87, 94, 127, 115, 3, 6, 65, 25, 145, 84, 148, 58, 52, 131, 68]
[129, 50, 95, 125, 107, 34, 2, 48, 159, 141, 149, 67, 155, 83, 40, 103, 58, 114, 51, 9, 22, 60, 110, 123, 52, 88, 102, 47, 116, 147, 27, 156, 28, 160, 63, 133, 157, 137, 90, 158, 61, 14, 106, 105, 119, 127, 135, 96, 100, 77, 54, 153, 35, 164, 16, 12, 1, 20, 5, 19, 56, 75, 72, 108, 81, 78, 140, 161, 0, 21, 150, 42, 162, 64, 128, 26, 92, 59, 101, 87, 126, 43, 3, 7, 74, 38, 136, 39, 131, 151, 31, 104, 10, 120, 44, 76, 24, 99, 70]
[36, 121, 86, 97, 138, 111, 6, 49, 94, 69, 154, 65, 62, 82, 89, 145, 84, 46, 4, 32, 8, 80, 134, 18, 45, 115, 165, 113, 57, 148, 122, 17, 143, 30]
[15, 98, 29, 41, 68, 144, 112, 117, 146, 37, 79, 139, 132, 91, 55, 33, 66, 73, 109, 142, 124, 85, 93, 118, 25, 23, 13, 71, 11, 130, 163, 53, 152]
[129, 20, 55, 136, 7, 46, 17, 0, 40, 77, 159, 141, 107, 42, 26, 118, 8, 13, 56, 28, 34, 92, 139, 41, 61, 89, 142, 73, 25, 11, 152, 153, 16, 95, 114, 14, 126, 161, 60, 157, 15, 109, 47, 21, 59, 83, 135, 134, 12, 143, 101, 78, 155, 115, 113, 45, 87, 82, 62, 117, 88, 75, 112, 66, 116, 86, 150, 138, 74, 4, 162, 99, 53, 93, 123, 90, 69, 49, 76, 158, 105, 163, 27, 37, 121, 50, 36, 44, 63, 91, 122, 131, 51, 145, 19, 18, 147, 85, 6]
[29, 119, 80, 110, 2, 48, 32, 133, 103, 128, 68, 81, 65, 96, 43, 23, 102, 9, 54, 165, 52, 151, 146, 130, 106, 94, 108, 30, 10, 148, 67, 164, 39, 84]
[24, 111, 35, 79, 149, 1, 100, 70, 137, 120, 58, 33, 98, 154, 5, 132, 97, 160, 31, 38, 124, 156, 3, 144, 140, 127, 125, 57, 71, 72, 64, 104, 22]
[60, 69, 84, 125, 49, 86, 20, 126, 95, 68, 146, 116, 156, 105, 98, 90, 147, 34, 4, 145, 35, 17, 164, 77, 117, 111, 66, 16, 119, 32, 103, 100, 37, 78, 24, 25, 59, 160, 41, 80, 79, 31, 63, 55, 134, 50, 109, 112, 158, 11, 154, 30, 133, 114, 82, 143, 148, 15, 58, 46, 123, 88, 83, 56, 10, 132, 94, 14, 9, 140, 3, 113, 129, 121, 85, 21, 165, 23, 38, 6, 87, 45, 7, 102, 1, 48, 152, 74, 136, 159, 42, 110, 162, 92, 157, 64, 40, 57, 135]
[81, 149, 101, 8, 127, 153, 44, 99, 76, 33, 70, 67, 107, 106, 150, 26, 52, 54, 128, 96, 27, 47, 131, 5, 142, 65, 2, 91, 19, 122, 144, 138, 72, 29]
[108, 89, 75, 104, 163, 137, 97, 118, 36, 71, 93, 73, 22, 161, 51, 61, 130, 155, 18, 115, 141, 53, 39, 43, 0, 12, 151, 28, 124, 139, 13, 120, 62]
[86, 164, 37, 11, 106, 76, 159, 64, 165, 147, 123, 134, 77, 63, 66, 81, 60, 149, 10, 12, 55, 109, 44, 47, 53, 16, 125, 92, 50, 38, 78, 107, 57, 84, 104, 9, 121, 94, 54, 120, 96, 137, 103, 105, 25, 130, 18, 87, 88, 3, 157, 90, 72, 28, 145, 74, 13, 27, 70, 154, 122, 49, 34, 156, 5, 42, 124, 29, 67, 15, 93, 140, 33, 136, 56, 23, 162, 144, 153, 138, 126, 32, 73, 131, 45, 100, 91, 26, 36, 114, 160, 19, 0, 117, 150, 110, 59, 7, 141]
[146, 80, 127, 101, 155, 158, 119, 21, 65, 20, 39, 113, 142, 31, 139, 71, 40, 132, 135, 35, 85, 6, 111, 51, 69, 1, 152, 30, 2, 46, 83, 98, 128, 102]
[22, 151, 82, 79, 115, 99, 118, 75, 112, 52, 41, 143, 161, 4, 129, 97, 89, 163, 48, 8, 61, 58, 14, 95, 62, 116, 43, 148, 68, 17, 133, 108, 24]
[133, 103, 102, 151, 109, 17, 97, 82, 134, 75, 71, 125, 6, 47, 147, 53, 49, 148, 44, 15, 112, 127, 78, 138, 39, 46, 135, 118, 139, 132, 156, 165, 141, 150, 110, 27, 33, 69, 67, 34, 40, 31, 117, 38, 81, 29, 24, 107, 7, 152, 63, 100, 42, 95, 21, 91, 99, 111, 145, 1, 18, 45, 79, 64, 22, 153, 85, 30, 77, 161, 126, 14, 157, 55, 10, 0, 5, 26, 104, 54, 164, 121, 58, 88, 114, 123, 142, 60, 144, 57, 124, 8, 93, 73, 59, 70, 137, 9, 94]
[80, 154, 160, 129, 101, 51, 13, 113, 32, 56, 25, 43, 68, 116, 83, 162, 52, 4, 35, 143, 98, 89, 108, 74, 122, 12, 16, 36, 92, 19, 146, 106, 130, 61]
[120, 50, 23, 119, 87, 76, 140, 136, 66, 105, 65, 149, 72, 115, 37, 84, 96, 20, 62, 48, 11, 128, 158, 90, 28, 86, 3, 2, 41, 163, 159, 131, 155]
[82, 2, 163, 29, 30, 57, 108, 110, 133, 123, 7, 66, 100, 97, 36, 145, 58, 93, 156, 89, 106, 137, 54, 132, 63, 75, 14, 144, 17, 80, 38, 86, 55, 4, 146, 1, 165, 73, 148, 31, 135, 139, 43, 11, 77, 125, 22, 19, 0, 44, 105, 74, 157, 33, 49, 104, 20, 162, 56, 37, 68, 161, 95, 154, 51, 60, 69, 84, 62, 117, 41, 24, 92, 153, 90, 124, 140, 128, 119, 88, 27, 12, 45, 96, 83, 114, 13, 102, 25, 149, 112, 158, 65, 136, 107, 142, 53, 6, 113]
[164, 21, 143, 99, 122, 101, 103, 134, 10, 42, 129, 116, 126, 64, 59, 98, 155, 15, 71, 3, 40, 50, 111, 151, 23, 47, 32, 152, 79, 39, 109, 78, 61, 28]
[46, 35, 159, 81, 127, 48, 94, 76, 52, 147, 67, 87, 34, 130, 70, 9, 5, 72, 160, 8, 91, 118, 115, 121, 18, 120, 138, 85, 16, 26, 131, 141, 150]
[128, 81, 156, 148, 119, 159, 80, 33, 65, 129, 94, 41, 13, 136, 8, 63, 0, 122, 15, 113, 142, 25, 12, 158, 151, 26, 42, 101, 10, 115, 9, 66, 72, 52, 57, 24, 96, 54, 34, 14, 126, 144, 78, 100, 21, 121, 67, 36, 141, 139, 106, 161, 95, 97, 19, 107, 82, 130, 87, 7, 77, 90, 28, 117, 31, 62, 45, 71, 91, 64, 50, 59, 49, 111, 40, 58, 98, 37, 152, 51, 109, 29, 103, 23, 147, 124, 79, 93, 4, 155, 134, 132, 153, 48, 27, 162, 140, 118, 149]
[157, 160, 88, 84, 150, 39, 131, 20, 123, 135, 165, 38, 56, 92, 125, 105, 89, 18, 47, 68, 3, 5, 61, 16, 154, 102, 17, 69, 44, 73, 6, 76, 108, 127]
[35, 133, 43, 146, 53, 74, 1, 60, 143, 85, 32, 137, 22, 116, 86, 104, 120, 46, 112, 11, 138, 70, 55, 30, 163, 75, 110, 99, 83, 164, 114, 2, 145]
[81, 92, 50, 64, 14, 23, 10, 36, 164, 69, 80, 147, 108, 45, 72, 3, 19, 119, 109, 95, 57, 136, 97, 12, 32, 98, 7, 130, 82, 134, 54, 58, 132, 131, 117, 78, 28, 11, 27, 34, 104, 86, 110, 56, 29, 128, 133, 122, 90, 17, 162, 144, 37, 87, 70, 35, 25, 2, 118, 73, 148, 152, 65, 55, 39, 159, 165, 8, 77, 40, 48, 113, 83, 67, 99, 158, 154, 38, 16, 24, 13, 106, 96, 142, 125, 141, 0, 111, 160, 120, 49, 157, 68, 89, 153, 140, 66, 94, 121]
[145, 6, 26, 18, 156, 137, 61, 135, 123, 15, 103, 5, 47, 46, 31, 91, 43, 88, 105, 102, 127, 60, 163, 74, 155, 71, 116, 62, 21, 151, 33, 51, 84, 114]
[9, 52, 115, 107, 44, 22, 101, 75, 63, 138, 59, 93, 53, 1, 20, 161, 30, 139, 112, 79, 42, 146, 143, 4, 100, 41, 149, 150, 126, 85, 76, 129, 124]
[6, 120, 152, 165, 150, 47, 155, 51, 111, 94, 105, 33, 98, 148, 70, 157, 36, 18, 21, 149, 22, 129, 108, 66, 56, 144, 134, 131, 146, 139, 71, 119, 55, 54, 132, 95, 73, 93, 75, 83, 89, 103, 159, 1, 46, 112, 122, 16, 9, 158, 3, 2, 65, 162, 140, 26, 86, 34, 37, 32, 126, 7, 38, 104, 79, 109, 78, 82, 27, 67, 127, 117, 58, 35, 163, 101, 12, 81, 50, 10, 15, 110, 68, 143, 63, 128, 151, 91, 64, 29, 41, 44, 85, 106, 137, 24, 25, 100, 8]
[31, 72, 102, 141, 45, 99, 125, 153, 96, 76, 118, 48, 20, 136, 11, 113, 4, 19, 80, 145, 62, 133, 53, 164, 156, 43, 130, 123, 28, 60, 5, 88, 69, 121]
[92, 49, 161, 124, 115, 0, 57, 116, 17, 42, 87, 23, 61, 84, 39, 160, 77, 30, 52, 114, 14, 74, 40, 107, 135, 13, 142, 147, 97, 90, 59, 154, 138]
[33, 124, 63, 12, 161, 20, 67, 4, 125, 119, 139, 64, 88, 104, 112, 164, 30, 29, 127, 147, 160, 28, 54, 113, 152, 38, 120, 80, 16, 131, 66, 103, 142, 133, 14, 122, 97, 58, 77, 116, 159, 99, 76, 56, 143, 2, 24, 155, 140, 146, 157, 98, 132, 101, 68, 129, 100, 84, 46, 50, 117, 5, 81, 21, 10, 70, 108, 96, 93, 53, 39, 49, 82, 42, 95, 55, 110, 6, 151, 158, 27, 75, 3, 8, 141, 32, 41, 0, 128, 18, 34, 35, 135, 71, 145, 40, 61, 87, 111]
[138, 102, 69, 11, 126, 154, 51, 89, 57, 60, 118, 26, 79, 19, 105, 115, 144, 85, 136, 83, 23, 45, 43, 13, 156, 106, 52, 94, 137, 74, 163, 148, 25, 9]
[65, 150, 17, 130, 109, 86, 22, 149, 62, 107, 73, 59, 36, 48, 121, 114, 162, 7, 91, 92, 15, 44, 123, 31, 78, 47, 37, 1, 165, 153, 134, 72, 90]
[52, 105, 33, 48, 51, 34, 16, 117, 12, 66, 146, 111, 89, 86, 131, 22, 72, 37, 104, 162, 19, 151, 71, 64, 95, 112, 38, 90, 14, 32, 10, 63, 127, 47, 106, 143, 137, 158, 29, 128, 85, 119, 145, 149, 96, 55, 45, 62, 67, 17, 165, 9, 68, 11, 46, 122, 80, 2, 103, 141, 129, 75, 1, 44, 41, 54, 115, 123, 4, 88, 79, 18, 21, 100, 74, 150, 140, 110, 35, 13, 92, 53, 15, 30, 59, 139, 130, 147, 163, 164, 81, 136, 28, 77, 118, 155, 114, 101, 148]
[159, 113, 0, 3, 135, 156, 102, 61, 76, 99, 97, 7, 58, 109, 157, 26, 39, 108, 23, 91, 126, 120, 50, 161, 57, 83, 43, 27, 40, 153, 24, 70, 133, 84]
[20, 98, 42, 31, 82, 134, 138, 65, 160, 125, 154, 5, 87, 124, 152, 8, 36, 116, 142, 49, 60, 94, 73, 78, 132, 107, 93, 6, 25, 121, 69, 56, 144]
[38, 9, 104, 37, 141, 27, 29, 143, 64, 33, 2, 34, 148, 57, 8, 19, 72, 142, 113, 42, 65, 127, 152, 23, 40, 16, 115, 97, 94, 107, 140, 101, 116, 133, 13, 100, 91, 53, 105, 84, 54, 82, 32, 102, 58, 139, 56, 122, 108, 161, 125, 132, 158, 60, 128, 12, 80, 126, 85, 164, 144, 61, 7, 51, 26, 5, 78, 110, 24, 160, 76, 112, 130, 68, 163, 99, 156, 81, 6, 15, 39, 88, 69, 147, 17, 59, 134, 79, 120, 11, 151, 20, 46, 92, 86, 131, 154, 44, 48]
[62, 18, 74, 149, 155, 14, 89, 146, 0, 28, 121, 25, 52, 66, 129, 117, 93, 35, 165, 95, 123, 77, 70, 119, 31, 83, 137, 150, 98, 36, 1, 41, 49, 124]
[135, 103, 106, 145, 43, 45, 136, 73, 50, 3, 90, 75, 10, 71, 118, 63, 87, 4, 47, 162, 153, 111, 114, 55, 67, 21, 138, 159, 96, 157, 22, 109, 30]
[69, 130, 70, 160, 151, 49, 98, 80, 87, 75, 101, 18, 109, 163, 155, 123, 46, 84, 52, 156, 22, 29, 19, 129, 118, 121, 48, 4, 113, 148, 35, 153, 105, 31, 14, 122, 15, 33, 16, 12, 41, 136, 36, 6, 65, 85, 62, 43, 82, 97, 157, 164, 124, 142, 24, 53, 92, 95, 61, 91, 158, 37, 141, 77, 1, 144, 117, 161, 135, 126, 88, 50, 137, 10, 110, 128, 74, 68, 38, 3, 132, 58, 28, 94, 127, 39, 81, 134, 5, 21, 120, 102, 67, 104, 57, 32, 78, 0, 154]
[17, 63, 131, 8, 40, 73, 55, 99, 108, 107, 51, 72, 59, 2, 165, 116, 103, 30, 115, 159, 145, 140, 44, 93, 7, 26, 162, 27, 42, 152, 64, 86, 79, 119]
[149, 114, 25, 47, 54, 56, 9, 133, 11, 111, 125, 100, 66, 60, 71, 138, 139, 89, 23, 34, 90, 147, 96, 76, 106, 150, 143, 112, 13, 20, 45, 83, 146]
[8, 88, 125, 107, 138, 32, 72, 17, 134, 40, 151, 140, 35, 86, 97, 105, 67, 165, 112, 48, 83, 12, 2, 150, 42, 106, 58, 127, 92, 141, 3, 71, 66, 65, 62, 29, 39, 24, 90, 154, 27, 101, 121, 108, 33, 131, 137, 47, 50, 157, 163, 36, 38, 153, 16, 64, 82, 99, 87, 116, 81, 13, 146, 75, 20, 160, 91, 19, 94, 53, 118, 122, 80, 147, 124, 89, 145, 139, 26, 14, 51, 123, 7, 156, 25, 68, 5, 152, 55, 76, 54, 93, 70, 6, 114, 135, 148, 10, 45]
[162, 84, 100, 69, 49, 142, 132, 28, 113, 44, 34, 18, 103, 158, 98, 23, 30, 155, 159, 1, 119, 15, 73, 111, 136, 95, 115, 11, 109, 129, 79, 37, 52, 61]
[60, 4, 21, 85, 143, 0, 102, 78, 96, 63, 133, 128, 41, 130, 9, 56, 144, 77, 22, 104, 46, 74, 149, 110, 164, 161, 43, 57, 117, 126, 120, 31, 59]
[114, 64, 29, 71, 52, 13, 65, 137, 76, 129, 32, 18, 49, 117, 155, 99, 35, 152, 24, 105, 43, 22, 8, 116, 54, 148, 102, 17, 159, 12, 87, 161, 109, 40, 16, 30, 106, 48, 47, 162, 21, 163, 124, 128, 79, 88, 6, 14, 77, 134, 1, 132, 2, 150, 97, 75, 104, 165, 145, 70, 98, 90, 138, 120, 142, 59, 82, 154, 46, 68, 140, 107, 41, 69, 57, 73, 74, 51, 112, 100, 141, 147, 91, 37, 15, 66, 133, 3, 33, 121, 103, 42, 157, 96, 110, 19, 123, 5, 38]
[4, 31, 139, 28, 78, 56, 67, 39, 160, 94, 23, 122, 126, 55, 158, 130, 136, 83, 164, 10, 58, 111, 34, 127, 86, 95, 0, 156, 62, 143, 89, 115, 81, 20]
[84, 119, 25, 80, 113, 144, 7, 60, 36, 118, 93, 125, 151, 149, 27, 50, 101, 63, 108, 61, 72, 131, 92, 53, 11, 9, 44, 45, 153, 135, 146, 26, 85]
[113, 55, 13, 20, 89, 139, 14, 102, 31, 38, 16, 94, 50, 104, 42, 127, 36, 35, 130, 97, 159, 107, 27, 46, 152, 80, 24, 153, 41, 149, 118, 142, 22, 70, 146, 66, 125, 100, 39, 79, 4, 136, 111, 85, 126, 10, 115, 74, 93, 161, 88, 56, 162, 117, 15, 9, 49, 63, 26, 164, 90, 154, 141, 121, 5, 156, 71, 165, 120, 151, 82, 69, 77, 116, 61, 0, 21, 57, 1, 37, 133, 51, 30, 76, 119, 78, 11, 122, 96, 34, 60, 101, 129, 58, 132, 143, 65, 17, 137]
[144, 106, 95, 108, 150, 109, 8, 68, 131, 158, 53, 40, 105, 48, 123, 19, 67, 145, 98, 29, 43, 7, 135, 99, 160, 32, 47, 84, 64, 25, 72, 3, 75, 92]
[52, 45, 83, 155, 59, 163, 140, 86, 124, 87, 18, 147, 12, 23, 28, 134, 138, 112, 54, 103, 73, 148, 44, 114, 2, 62, 128, 6, 91, 110, 33, 81, 157]
[104, 150, 131, 21, 58, 136, 48, 149, 122, 121, 95, 54, 120, 5, 72, 33, 59, 118, 128, 87, 158, 90, 109, 11, 15, 31, 80, 71, 14, 24, 73, 108, 29, 119, 42, 147, 154, 107, 51, 99, 83, 43, 96, 23, 53, 62, 105, 46, 61, 138, 134, 44, 89, 151, 52, 12, 84, 133, 25, 78, 162, 36, 165, 9, 125, 146, 77, 8, 164, 22, 97, 86, 35, 41, 19, 141, 157, 1, 115, 117, 34, 10, 20, 3, 143, 64, 92, 70, 161, 129, 137, 155, 101, 67, 16, 100, 66, 49, 127]
[6, 123, 93, 106, 148, 139, 102, 76, 17, 75, 26, 74, 110, 160, 38, 126, 30, 56, 60, 68, 112, 47, 57, 159, 130, 0, 91, 142, 152, 32, 132, 103, 39, 13]
[88, 85, 124, 55, 82, 156, 81, 111, 40, 45, 4, 98, 114, 18, 140, 113, 28, 65, 50, 144, 69, 153, 7, 163, 145, 63, 79, 37, 135, 94, 116, 2, 27]
